7357550540930496
5261466761986993
3515235413323011
4815550805413663
3621272142177867
3169846245612263
8409967682074619
1334135855389404
0987725781249409
0191713394346722
0855690644477980
4611053591767348
9578297031897689
1803249350540873
6742056884581846
1132967888693388
3586048026865667
9493276933869437
4702771373864009
0994732050057153
4558675837870944
5932869264315078
9567697664295441
4828127947050854
4786695009893275
6974016013549137
3175843875406881
8349285353885760
8876486893749133
9531044120649358
3545386201786547
9434005424399439
0622911035676862
4122236326481561
1649509826611822
7941681653071141
2908944257570190
5781771203752548
2643895455482289
4430511432846494
9391527680099558
5839351165172682
7382219141895042
1939729244874139
5360377644724413
0342421635483625
6321591514406331
3655787486973619
4262816956640919
7689130010283015
2125566696313074
4752733182819484
2233881397535081
9382298956919895
3175843875406881
4679694745472165
5780703074518344
1305167484757789
2865476919519644
3028525067201131
6281967222346635
0156120112642757
2886332535384987
8278929555260026
5318444141321838
9533390470479021
5616155894081649
6242030645458771
1532796177832254
5267444025009170
3575655505967251
5051210070964532
8009323832598901
8365150786147090
4486038802648728
6362891473560509
6559521071530270
2762079234882796
8167283699662517
4818808329765049
3881779044638668 , , , Colaborador-Lattes
6006436900849498 , , , Colaborador-Lattes
9000938096632276 , , , Colaborador-Lattes
0810124158379029 , , , Colaborador-Lattes
8796351688244924 , , , Colaborador-Lattes
9977936236281431 , , , Colaborador-Lattes
2698541099194056 , , , Colaborador-Lattes
4534302788308331 , , , Colaborador-Lattes
4167449042414475 , , , Colaborador-Lattes
3898512736441494 , , , Colaborador-Lattes
2436230019972752 , , , Colaborador-Lattes
7484786835288826 , , , Colaborador-Lattes
9818312389015488 , , , Colaborador-Lattes
3278661220922086 , , , Colaborador-Lattes
7613511226473853 , , , Colaborador-Lattes
2236367133126760 , , , Colaborador-Lattes
7273817656572521 , , , Colaborador-Lattes
6470801142782000 , , , Colaborador-Lattes
3736847157377437 , , , Colaborador-Lattes
6419486554101657 , , , Colaborador-Lattes
2980828784505846 , , , Colaborador-Lattes
3459944322457292 , , , Colaborador-Lattes
8347426074504871 , , , Colaborador-Lattes
1775713341491621 , , , Colaborador-Lattes
6470828775223717 , , , Colaborador-Lattes
3635446317760748 , , , Colaborador-Lattes
5643156763044547 , , , Colaborador-Lattes
7375738037025795 , , , Colaborador-Lattes
9708660677021371 , , , Colaborador-Lattes
2208283711068499 , , , Colaborador-Lattes
2223307445263315 , , , Colaborador-Lattes
1430877431887401 , , , Colaborador-Lattes
5564619887388224 , , , Colaborador-Lattes
5595235187153920 , , , Colaborador-Lattes
6289932790037683 , , , Colaborador-Lattes
3613714369818716 , , , Colaborador-Lattes
5760086278422072 , , , Colaborador-Lattes
6252073370447495 , , , Colaborador-Lattes
5328470389792359 , , , Colaborador-Lattes
5427258537765956 , , , Colaborador-Lattes
3666357154549659 , , , Colaborador-Lattes
0510344495151260 , , , Colaborador-Lattes
7714353355111033 , , , Colaborador-Lattes
6672956282486991 , , , Colaborador-Lattes
